AfsharMahnaz:-0.00536480686695279
alimotahari_ir:0.00924024640657084
azarijahromi:0.00184873949579832
BBCBastani:-0.00784655623365301
BehnoudMasoud:-0.00326045262754124
Eshaq_jahangiri:-0.00525594149908592
HaddadAdel_ir:-0.00442477876106195
hesamodin1:-0.00123051681706317
ir_aref:-0.00152983171851096
ir_rezaee:-0.00924269528920692
IsraelPersian:-0.00660528422738191
Jedaaal:-0.00476568705321684
Khamenei_fa:-0.0115445859872611
mah_sadeghi:-0.00269475747182754
MohajeraniSayed:-0.00645879732739421
mostafatajzade:-0.00844217903791016
Rouhani_ir:-0.00781781101291638
t_alidoosti:0.00253807106598985
USAdarFarsi:-0.0111801242236025
